 &plot nbnd=   8, nks=    36 /
            0.500000  0.500000  0.500000
  -3.283  -0.623   5.220   5.220   8.013   9.778   9.778  14.192
            0.400000  0.400000  0.400000
  -3.748   0.089   5.293   5.293   8.098   9.859   9.859  14.312
            0.300000  0.300000  0.300000
  -4.511   1.589   5.508   5.508   8.337   9.987   9.987  14.077
            0.200000  0.200000  0.200000
  -5.137   3.403   5.847   5.847   8.701   9.824   9.824  12.584
            0.100000  0.100000  0.100000
  -5.531   5.285   6.233   6.233   9.044   9.310   9.310  10.827
            0.000000  0.000000  0.000000
  -5.664   6.436   6.436   6.436   9.013   9.013   9.013   9.926
            0.000000  0.000000  0.100000
  -5.619   6.160   6.256   6.256   8.905   9.247   9.247  10.191
            0.000000  0.000000  0.200000
  -5.486   5.507   5.847   5.847   8.626   9.819   9.819  10.735
            0.000000  0.000000  0.300000
  -5.265   4.694   5.376   5.376   8.262  10.560  10.560  10.920
            0.000000  0.000000  0.400000
  -4.957   3.815   4.919   4.919   7.889  11.383  11.383  10.346
            0.000000  0.000000  0.500000
  -4.563   2.914   4.511   4.511   7.551  12.259  12.259   9.567
            0.000000  0.000000  0.600000
  -4.087   2.006   4.167   4.167   7.278  13.168  13.168   8.834
            0.000000  0.000000  0.700000
  -3.532   1.102   3.893   3.893   7.087  14.100  14.100   8.212
            0.000000  0.000000  0.800000
  -2.904   0.218   3.696   3.696   6.988  15.053  15.053   7.716
            0.000000  0.000000  0.900000
  -2.207  -0.637   3.575   3.575   6.993  16.008  16.008   7.352
            0.000000  0.000000  1.000000
  -1.448  -1.448   3.535   3.535   7.113  16.694  16.694   7.113
            0.000000  0.100000  1.000000
  -1.433  -1.433   3.407   3.407   7.352  16.218  16.218   7.352
            0.000000  0.200000  1.000000
  -1.392  -1.392   3.114   3.114   7.982  15.025  15.025   7.982
            0.000000  0.300000  1.000000
  -1.340  -1.340   2.807   2.807   8.858   8.858  13.703  13.703
            0.000000  0.400000  1.000000
  -1.294  -1.294   2.586   2.586   9.877   9.877  12.419  12.419
            0.000000  0.500000  1.000000
  -1.277  -1.277   2.505   2.505  10.712  10.712  11.491  11.491
            0.000000  0.600000  1.000000
  -1.294  -1.294   2.586   2.586   9.877   9.877  12.419  12.419
            0.000000  0.700000  1.000000
  -1.340  -1.340   2.807   2.807   8.858   8.858  13.703  13.703
            0.000000  0.800000  1.000000
  -1.392  -1.392   3.114   3.114   7.982   7.982  15.025  15.025
            0.000000  0.900000  1.000000
  -1.433  -1.433   3.407   3.407   7.352   7.352  16.218  16.218
            0.000000  1.000000  1.000000
  -1.448  -1.448   3.535   3.535   7.113   7.113  16.694  16.694
            0.000000  0.900000  0.900000
  -1.488  -1.352   3.040   3.606   7.195   7.902  15.917  16.226
            0.000000  0.800000  0.800000
  -1.672  -1.065   2.292   3.816   7.439   9.595  14.632  15.192
            0.000000  0.700000  0.700000
  -2.125  -0.590   1.938   4.152   7.829  11.610  13.375  13.921
            0.000000  0.600000  0.600000
  -2.817   0.074   2.090   4.590   8.337  12.526  12.245  13.372
            0.000000  0.500000  0.500000
  -3.582   0.916   2.614   5.088   8.895  11.612  11.270  12.653
            0.000000  0.400000  0.400000
  -4.291   1.931   3.380   5.580   9.359  10.787  10.463  12.236
            0.000000  0.300000  0.300000
  -4.877   3.104   4.294   5.987   9.544  10.108   9.832  12.147
            0.000000  0.200000  0.200000
  -5.310   4.399   5.251   6.258   9.468   9.575   9.378  11.724
            0.000000  0.100000  0.100000
  -5.575   5.698   6.076   6.396   9.271   9.182   9.104  10.527
            0.000000  0.000000  0.000000
  -5.664   6.436   6.436   6.436   9.013   9.013   9.013   9.926
